209 1 0 101 33 
209 106 0 25 24 
209 107 0 25 25 
209 108 0 25 26 
209 109 0 25 27 
209 110 0 25 28 
209 1 1 101 25 
209 111 0 25 29 
209 112 0 25 30 
209 113 0 25 31 
209 14 0 19 25 
209 40 0 38 25 
209 41 0 39 25 
209 42 0 40 25 
209 43 0 41 25 
209 44 0 34 25 
209 45 0 35 25 
209 46 0 36 25 
209 47 0 37 25 
209 48 0 42 25 
209 49 0 43 25 
209 50 0 44 25 
209 51 0 45 25 
209 52 0 46 25 
209 53 0 47 25 
209 54 0 48 25 
209 98 0 25 23 
210 1 0 101 33 
210 106 0 25 24 
210 107 0 25 25 
210 108 0 25 26 
210 109 0 25 27 
210 110 0 25 28 
210 1 1 101 25 
210 111 0 25 29 
210 112 0 25 30 
210 113 0 25 31 
210 14 0 19 25 
2 1 0 25 33 
210 40 0 38 25 
210 41 0 39 25 
210 42 0 40 25 
210 43 0 41 25 
210 44 0 34 25 
210 45 0 35 25 
210 46 0 36 25 
210 47 0 37 25 
210 48 0 42 25 
210 49 0 43 25 
210 50 0 44 25 
210 51 0 45 25 
210 52 0 46 25 
210 53 0 47 25 
210 54 0 48 25 
2 106 0 25 24 
2 107 0 25 25 
2 108 0 25 26 
2 109 0 25 27 
210 98 0 25 23 
2 110 0 25 28 
2 111 0 25 29 
2 112 0 25 30 
2 113 0 25 31 
2 14 0 19 25 
234 1 0 101 33 
234 106 0 25 24 
234 107 0 25 25 
234 108 0 25 26 
234 109 0 25 27 
234 110 0 25 28 
234 1 1 101 25 
234 111 0 25 29 
234 112 0 25 30 
234 113 0 25 31 
234 14 0 19 25 
234 40 0 38 25 
234 41 0 39 25 
234 42 0 40 25 
234 43 0 41 25 
234 44 0 34 25 
234 45 0 35 25 
234 46 0 36 25 
234 47 0 37 25 
234 48 0 42 25 
234 49 0 43 25 
234 50 0 44 25 
234 51 0 45 25 
234 52 0 46 25 
234 53 0 47 25 
234 54 0 48 25 
234 98 0 25 23 
2 40 0 38 25 
2 41 0 39 25 
2 42 0 40 25 
2 43 0 41 25 
2 44 0 34 25 
2 45 0 35 25 
2 46 0 36 25 
2 47 0 37 25 
2 48 0 42 25 
2 49 0 43 25 
2 50 0 44 25 
2 51 0 45 25 
2 52 0 46 25 
2 53 0 47 25 
2 54 0 48 25 
279 21 0 294 79 
2 98 0 25 23 
305 10 1 152 153 
305 102 1 152 153 
305 1 1 152 153 
305 14 1 152 153 
305 40 1 152 153 
305 41 1 152 153 
305 42 1 152 153 
305 43 1 152 153 
305 44 1 152 153 
305 45 1 152 153 
305 46 1 152 153 
305 47 1 152 153 
305 48 1 152 153 
305 49 1 152 153 
305 50 1 152 153 
305 51 1 152 153 
305 52 1 152 153 
305 53 1 152 153 
305 54 1 152 153 
305 8 1 152 153 
305 9 1 152 153 
305 96 1 152 153 
